(kicad_pcb (version 20171130) (host pcbnew "(5.1.6)-1")

  (general
    (thickness 1.6)
    (drawings 13)
    (tracks 3)
    (zones 0)
    (modules 115)
    (nets 182)
  )

  (page A4)
  (layers
    (0 F.Cu signal)
    (31 B.Cu signal)
    (32 B.Adhes user)
    (33 F.Adhes user)
    (34 B.Paste user)
    (35 F.Paste user)
    (36 B.SilkS user)
    (37 F.SilkS user)
    (38 B.Mask user)
    (39 F.Mask user)
    (40 Dwgs.User user)
    (41 Cmts.User user)
    (42 Eco1.User user)
    (43 Eco2.User user)
    (44 Edge.Cuts user)
    (45 Margin user)
    (46 B.CrtYd user)
    (47 F.CrtYd user)
    (48 B.Fab user)
    (49 F.Fab user)
  )

  (setup
    (last_trace_width 0.254)
    (user_trace_width 0.381)
    (user_trace_width 0.508)
    (trace_clearance 0.1524)
    (zone_clearance 0.508)
    (zone_45_only no)
    (trace_min 0.1524)
    (via_size 0.8)
    (via_drill 0.4)
    (via_min_size 0.4)
    (via_min_drill 0.3)
    (uvia_size 0.3)
    (uvia_drill 0.1)
    (uvias_allowed no)
    (uvia_min_size 0.2)
    (uvia_min_drill 0.1)
    (edge_width 0.05)
    (segment_width 0.2)
    (pcb_text_width 0.3)
    (pcb_text_size 1.5 1.5)
    (mod_edge_width 0.12)
    (mod_text_size 1 1)
    (mod_text_width 0.15)
    (pad_size 1.524 1.524)
    (pad_drill 0.762)
    (pad_to_mask_clearance 0.051)
    (solder_mask_min_width 0.25)
    (aux_axis_origin 0 0)
    (visible_elements 7FFFFFFF)
    (pcbplotparams
      (layerselection 0x010fc_ffffffff)
      (usegerberextensions false)
      (usegerberattributes false)
      (usegerberadvancedattributes false)
      (creategerberjobfile false)
      (excludeedgelayer true)
      (linewidth 0.100000)
      (plotframeref false)
      (viasonmask false)
      (mode 1)
      (useauxorigin false)
      (hpglpennumber 1)
      (hpglpenspeed 20)
      (hpglpendiameter 15.000000)
      (psnegative false)
      (psa4output false)
      (plotreference true)
      (plotvalue true)
      (plotinvisibletext false)
      (padsonsilk false)
      (subtractmaskfromsilk false)
      (outputformat 1)
      (mirror false)
      (drillshape 1)
      (scaleselection 1)
      (outputdirectory ""))
  )

  (net 0 "")
  (net 1 "Net-(BZ1-Pad1)")
  (net 2 GND)
  (net 3 /VDD_5V_USB)
  (net 4 "Net-(C2-Pad1)")
  (net 5 "Net-(C3-Pad1)")
  (net 6 "Net-(C4-Pad2)")
  (net 7 "Net-(C5-Pad1)")
  (net 8 /VDD_3V3_STM)
  (net 9 "Net-(C7-Pad1)")
  (net 10 /FMU_VDD_3V3)
  (net 11 /VDD_5V_RADIO)
  (net 12 /VBAT)
  (net 13 "Net-(C19-Pad1)")
  (net 14 "Net-(C21-Pad1)")
  (net 15 "Net-(C22-Pad1)")
  (net 16 "Net-(C22-Pad2)")
  (net 17 "Net-(C23-Pad1)")
  (net 18 /Power/VDD_5V_BUCK)
  (net 19 /VDD_5V_IN)
  (net 20 "Net-(C28-Pad1)")
  (net 21 "Net-(C30-Pad1)")
  (net 22 /VDD_3V3_SENSORS)
  (net 23 "Net-(C37-Pad2)")
  (net 24 "Net-(C40-Pad1)")
  (net 25 "Net-(D1-Pad2)")
  (net 26 "Net-(D2-Pad2)")
  (net 27 "Net-(D2-Pad1)")
  (net 28 "Net-(D5-Pad1)")
  (net 29 "Net-(D6-Pad1)")
  (net 30 /VDD_5V_AUX)
  (net 31 "Net-(J1-Pad4)")
  (net 32 "Net-(J1-Pad3)")
  (net 33 "Net-(J1-Pad2)")
  (net 34 /SDIO_D2)
  (net 35 /SDIO_D3)
  (net 36 /SDIO_CMD)
  (net 37 /SDIO_CK)
  (net 38 /SDIO_D0)
  (net 39 /SDIO_D1)
  (net 40 "Net-(J2-Pad9)")
  (net 41 "Net-(J2-Pad10)")
  (net 42 "Net-(J2-Pad12)")
  (net 43 "Net-(J2-Pad11)")
  (net 44 "Net-(J3-Pad1)")
  (net 45 /RASPI_I2C1_SDA)
  (net 46 /RASPI_I2C1_SCL)
  (net 47 "Net-(J3-Pad8)")
  (net 48 "Net-(J3-Pad7)")
  (net 49 "Net-(J3-Pad10)")
  (net 50 "Net-(J3-Pad12)")
  (net 51 "Net-(J3-Pad11)")
  (net 52 "Net-(J3-Pad13)")
  (net 53 "Net-(J3-Pad16)")
  (net 54 "Net-(J3-Pad15)")
  (net 55 "Net-(J3-Pad18)")
  (net 56 "Net-(J3-Pad17)")
  (net 57 "Net-(J3-Pad19)")
  (net 58 "Net-(J3-Pad22)")
  (net 59 "Net-(J3-Pad21)")
  (net 60 "Net-(J3-Pad24)")
  (net 61 "Net-(J3-Pad23)")
  (net 62 "Net-(J3-Pad26)")
  (net 63 "Net-(J3-Pad28)")
  (net 64 "Net-(J3-Pad27)")
  (net 65 "Net-(J3-Pad29)")
  (net 66 "Net-(J3-Pad32)")
  (net 67 "Net-(J3-Pad31)")
  (net 68 "Net-(J3-Pad33)")
  (net 69 "Net-(J3-Pad36)")
  (net 70 "Net-(J3-Pad35)")
  (net 71 "Net-(J3-Pad38)")
  (net 72 "Net-(J3-Pad37)")
  (net 73 "Net-(J3-Pad40)")
  (net 74 /ESC_TLM)
  (net 75 /ESC_Current_Sense)
  (net 76 /FMU_CH1)
  (net 77 /FMU_CH2)
  (net 78 /FMU_CH3)
  (net 79 /FMU_CH4)
  (net 80 /FMU_USART2_RTS)
  (net 81 /FMU_USART2_CTS)
  (net 82 /FMU_USART2_RX)
  (net 83 /FMU_USART2_TX)
  (net 84 /CONNECTORS/rx_frsky)
  (net 85 /CONNECTORS/tx_frsky)
  (net 86 /VDD_3V3_RADIO)
  (net 87 "Net-(J7-Pad3)")
  (net 88 /CONNECTORS/rc_in)
  (net 89 /SWCLK)
  (net 90 /SWDIO)
  (net 91 /FMU_UART7_RX)
  (net 92 /FMU_UART7_TX)
  (net 93 /SERVO_CH1_GPIO)
  (net 94 /SERVO_CH2_GPIO)
  (net 95 "Net-(L1-Pad2)")
  (net 96 /BUZZER_CTRL)
  (net 97 /RPI_POWER_CTRL)
  (net 98 /SPEKTRUM_POWER_CTRL)
  (net 99 /OTG_FS_DM)
  (net 100 /OTG_FS_DP)
  (net 101 "Net-(R4-Pad1)")
  (net 102 /RSSI_IN)
  (net 103 "Net-(R12-Pad2)")
  (net 104 "Net-(R13-Pad1)")
  (net 105 "Net-(R14-Pad1)")
  (net 106 "Net-(R15-Pad1)")
  (net 107 /VBAT_SENSE)
  (net 108 /VDD_USB_VALID)
  (net 109 /VDD_5V_SENSE)
  (net 110 "Net-(R23-Pad1)")
  (net 111 /VDD_BUCK_VALID)
  (net 112 /Power/vsense)
  (net 113 /VDD_3V3_RADIO_EN)
  (net 114 /GPS_USART6_RX)
  (net 115 "Net-(R33-Pad2)")
  (net 116 /GPS_USART6_TX)
  (net 117 "Net-(R36-Pad1)")
  (net 118 /FRAM_SCK)
  (net 119 /FRAM_MOSI)
  (net 120 /FRAM_MISO)
  (net 121 /FRAM_CS)
  (net 122 /RC_INPUT_USART1_RX)
  (net 123 /RC_OUTPUT_USART1_TX)
  (net 124 /SBUS_INV)
  (net 125 /FrSky_INV)
  (net 126 /FMU_USART8_TX)
  (net 127 /FMU_USART8_RX)
  (net 128 "Net-(U7-Pad4)")
  (net 129 "Net-(U8-Pad4)")
  (net 130 /VDD_3V3_SENSORS_EN)
  (net 131 "Net-(U9-Pad4)")
  (net 132 /Sensors/RF_SIGNALS)
  (net 133 "Net-(U10-Pad20)")
  (net 134 "Net-(U10-Pad23)")
  (net 135 "Net-(U10-Pad24)")
  (net 136 "Net-(U10-Pad7)")
  (net 137 "Net-(U10-Pad6)")
  (net 138 "Net-(U10-Pad3)")
  (net 139 "Net-(U10-Pad2)")
  (net 140 "Net-(U10-Pad30)")
  (net 141 "Net-(U10-Pad28)")
  (net 142 "Net-(U10-Pad29)")
  (net 143 /IMU_GYRO_CS)
  (net 144 "Net-(U11-Pad2)")
  (net 145 "Net-(U11-Pad1)")
  (net 146 /ACCEL_DRDY)
  (net 147 /SENSOR_MISO)
  (net 148 /IMU_ACCEL_CS)
  (net 149 "Net-(U11-Pad13)")
  (net 150 /GYRO_DRDY)
  (net 151 /SENSOR_MOSI)
  (net 152 /SENSOR_SCK)
  (net 153 "Net-(U12-Pad7)")
  (net 154 /MAG_DRDY)
  (net 155 /MAG_CS)
  (net 156 "Net-(U12-Pad12)")
  (net 157 /BARO_CS)
  (net 158 "Net-(U13-Pad4)")
  (net 159 /~RST)
  (net 160 "Net-(U2-Pad68)")
  (net 161 "Net-(U2-Pad67)")
  (net 162 "Net-(U2-Pad61)")
  (net 163 "Net-(U2-Pad60)")
  (net 164 "Net-(U2-Pad59)")
  (net 165 "Net-(U2-Pad58)")
  (net 166 "Net-(U2-Pad56)")
  (net 167 "Net-(U2-Pad55)")
  (net 168 "Net-(U2-Pad52)")
  (net 169 "Net-(U2-Pad51)")
  (net 170 "Net-(U2-Pad23)")
  (net 171 "Net-(U2-Pad18)")
  (net 172 "Net-(U2-Pad17)")
  (net 173 "Net-(U2-Pad9)")
  (net 174 "Net-(U2-Pad1)")
  (net 175 "Net-(U2-Pad90)")
  (net 176 "Net-(U2-Pad89)")
  (net 177 "Net-(U2-Pad88)")
  (net 178 "Net-(U2-Pad48)")
  (net 179 "Net-(U2-Pad37)")
  (net 180 "Net-(U2-Pad36)")
  (net 181 "Net-(U2-Pad33)")

  (net_class Default "This is the default net class."
    (clearance 0.1524)
    (trace_width 0.254)
    (via_dia 0.8)
    (via_drill 0.4)
    (uvia_dia 0.3)
    (uvia_drill 0.1)
    (add_net /ACCEL_DRDY)
    (add_net /BARO_CS)
    (add_net /BUZZER_CTRL)
    (add_net /CONNECTORS/rc_in)
    (add_net /CONNECTORS/rx_frsky)
    (add_net /CONNECTORS/tx_frsky)
    (add_net /ESC_Current_Sense)
    (add_net /ESC_TLM)
    (add_net /FMU_CH1)
    (add_net /FMU_CH2)
    (add_net /FMU_CH3)
    (add_net /FMU_CH4)
    (add_net /FMU_UART7_RX)
    (add_net /FMU_UART7_TX)
    (add_net /FMU_USART2_CTS)
    (add_net /FMU_USART2_RTS)
    (add_net /FMU_USART2_RX)
    (add_net /FMU_USART2_TX)
    (add_net /FMU_USART8_RX)
    (add_net /FMU_USART8_TX)
    (add_net /FMU_VDD_3V3)
    (add_net /FRAM_CS)
    (add_net /FRAM_MISO)
    (add_net /FRAM_MOSI)
    (add_net /FRAM_SCK)
    (add_net /FrSky_INV)
    (add_net /GPS_USART6_RX)
    (add_net /GPS_USART6_TX)
    (add_net /GYRO_DRDY)
    (add_net /IMU_ACCEL_CS)
    (add_net /IMU_GYRO_CS)
    (add_net /MAG_CS)
    (add_net /MAG_DRDY)
    (add_net /OTG_FS_DM)
    (add_net /OTG_FS_DP)
    (add_net /Power/VDD_5V_BUCK)
    (add_net /Power/vsense)
    (add_net /RASPI_I2C1_SCL)
    (add_net /RASPI_I2C1_SDA)
    (add_net /RC_INPUT_USART1_RX)
    (add_net /RC_OUTPUT_USART1_TX)
    (add_net /RPI_POWER_CTRL)
    (add_net /RSSI_IN)
    (add_net /SBUS_INV)
    (add_net /SDIO_CK)
    (add_net /SDIO_CMD)
    (add_net /SDIO_D0)
    (add_net /SDIO_D1)
    (add_net /SDIO_D2)
    (add_net /SDIO_D3)
    (add_net /SENSOR_MISO)
    (add_net /SENSOR_MOSI)
    (add_net /SENSOR_SCK)
    (add_net /SERVO_CH1_GPIO)
    (add_net /SERVO_CH2_GPIO)
    (add_net /SPEKTRUM_POWER_CTRL)
    (add_net /SWCLK)
    (add_net /SWDIO)
    (add_net /Sensors/RF_SIGNALS)
    (add_net /VBAT)
    (add_net /VBAT_SENSE)
    (add_net /VDD_3V3_RADIO)
    (add_net /VDD_3V3_RADIO_EN)
    (add_net /VDD_3V3_SENSORS)
    (add_net /VDD_3V3_SENSORS_EN)
    (add_net /VDD_3V3_STM)
    (add_net /VDD_5V_AUX)
    (add_net /VDD_5V_IN)
    (add_net /VDD_5V_RADIO)
    (add_net /VDD_5V_SENSE)
    (add_net /VDD_5V_USB)
    (add_net /VDD_BUCK_VALID)
    (add_net /VDD_USB_VALID)
    (add_net /~RST)
    (add_net GND)
    (add_net "Net-(BZ1-Pad1)")
    (add_net "Net-(C19-Pad1)")
    (add_net "Net-(C2-Pad1)")
    (add_net "Net-(C21-Pad1)")
    (add_net "Net-(C22-Pad1)")
    (add_net "Net-(C22-Pad2)")
    (add_net "Net-(C23-Pad1)")
    (add_net "Net-(C28-Pad1)")
    (add_net "Net-(C3-Pad1)")
    (add_net "Net-(C30-Pad1)")
    (add_net "Net-(C37-Pad2)")
    (add_net "Net-(C4-Pad2)")
    (add_net "Net-(C40-Pad1)")
    (add_net "Net-(C5-Pad1)")
    (add_net "Net-(C7-Pad1)")
    (add_net "Net-(D1-Pad2)")
    (add_net "Net-(D2-Pad1)")
    (add_net "Net-(D2-Pad2)")
    (add_net "Net-(D5-Pad1)")
    (add_net "Net-(D6-Pad1)")
    (add_net "Net-(J1-Pad2)")
    (add_net "Net-(J1-Pad3)")
    (add_net "Net-(J1-Pad4)")
    (add_net "Net-(J2-Pad10)")
    (add_net "Net-(J2-Pad11)")
    (add_net "Net-(J2-Pad12)")
    (add_net "Net-(J2-Pad9)")
    (add_net "Net-(J3-Pad1)")
    (add_net "Net-(J3-Pad10)")
    (add_net "Net-(J3-Pad11)")
    (add_net "Net-(J3-Pad12)")
    (add_net "Net-(J3-Pad13)")
    (add_net "Net-(J3-Pad15)")
    (add_net "Net-(J3-Pad16)")
    (add_net "Net-(J3-Pad17)")
    (add_net "Net-(J3-Pad18)")
    (add_net "Net-(J3-Pad19)")
    (add_net "Net-(J3-Pad21)")
    (add_net "Net-(J3-Pad22)")
    (add_net "Net-(J3-Pad23)")
    (add_net "Net-(J3-Pad24)")
    (add_net "Net-(J3-Pad26)")
    (add_net "Net-(J3-Pad27)")
    (add_net "Net-(J3-Pad28)")
    (add_net "Net-(J3-Pad29)")
    (add_net "Net-(J3-Pad31)")
    (add_net "Net-(J3-Pad32)")
    (add_net "Net-(J3-Pad33)")
    (add_net "Net-(J3-Pad35)")
    (add_net "Net-(J3-Pad36)")
    (add_net "Net-(J3-Pad37)")
    (add_net "Net-(J3-Pad38)")
    (add_net "Net-(J3-Pad40)")
    (add_net "Net-(J3-Pad7)")
    (add_net "Net-(J3-Pad8)")
    (add_net "Net-(J7-Pad3)")
    (add_net "Net-(L1-Pad2)")
    (add_net "Net-(R12-Pad2)")
    (add_net "Net-(R13-Pad1)")
    (add_net "Net-(R14-Pad1)")
    (add_net "Net-(R15-Pad1)")
    (add_net "Net-(R23-Pad1)")
    (add_net "Net-(R33-Pad2)")
    (add_net "Net-(R36-Pad1)")
    (add_net "Net-(R4-Pad1)")
    (add_net "Net-(U10-Pad2)")
    (add_net "Net-(U10-Pad20)")
    (add_net "Net-(U10-Pad23)")
    (add_net "Net-(U10-Pad24)")
    (add_net "Net-(U10-Pad28)")
    (add_net "Net-(U10-Pad29)")
    (add_net "Net-(U10-Pad3)")
    (add_net "Net-(U10-Pad30)")
    (add_net "Net-(U10-Pad6)")
    (add_net "Net-(U10-Pad7)")
    (add_net "Net-(U11-Pad1)")
    (add_net "Net-(U11-Pad13)")
    (add_net "Net-(U11-Pad2)")
    (add_net "Net-(U12-Pad12)")
    (add_net "Net-(U12-Pad7)")
    (add_net "Net-(U13-Pad4)")
    (add_net "Net-(U2-Pad1)")
    (add_net "Net-(U2-Pad17)")
    (add_net "Net-(U2-Pad18)")
    (add_net "Net-(U2-Pad23)")
    (add_net "Net-(U2-Pad33)")
    (add_net "Net-(U2-Pad36)")
    (add_net "Net-(U2-Pad37)")
    (add_net "Net-(U2-Pad48)")
    (add_net "Net-(U2-Pad51)")
    (add_net "Net-(U2-Pad52)")
    (add_net "Net-(U2-Pad55)")
    (add_net "Net-(U2-Pad56)")
    (add_net "Net-(U2-Pad58)")
    (add_net "Net-(U2-Pad59)")
    (add_net "Net-(U2-Pad60)")
    (add_net "Net-(U2-Pad61)")
    (add_net "Net-(U2-Pad67)")
    (add_net "Net-(U2-Pad68)")
    (add_net "Net-(U2-Pad88)")
    (add_net "Net-(U2-Pad89)")
    (add_net "Net-(U2-Pad9)")
    (add_net "Net-(U2-Pad90)")
    (add_net "Net-(U7-Pad4)")
    (add_net "Net-(U8-Pad4)")
    (add_net "Net-(U9-Pad4)")
  )

  (module drone_footprints:PT-2040PQ (layer B.Cu) (tedit 5F831B82) (tstamp 5F83AF43)
    (at -16.764 157.988 270)
    (path /5FB34C23)
    (fp_text reference BZ1 (at -5.9436 6.35 270) (layer B.SilkS)
      (effects (font (size 1 1) (thickness 0.15)) (justify mirror))
    )
    (fp_text value Buzzer (at 7.6708 7.0612 270) (layer B.Fab) hide
      (effects (font (size 1 1) (thickness 0.15)) (justify mirror))
    )
    (fp_circle (center 0 -5) (end 11 -5) (layer B.SilkS) (width 0.12))
    (fp_circle (center 0 -10) (end 2 -10) (layer B.SilkS) (width 0.12))
    (fp_circle (center 0 0) (end 2 0) (layer B.SilkS) (width 0.12))
    (fp_text user "low clearance" (at 0 -5 90) (layer B.SilkS)
      (effects (font (size 1 1) (thickness 0.15)) (justify mirror))
    )
    (pad 1 thru_hole circle (at 0 0 270) (size 1.5 1.5) (drill 0.9) (layers *.Cu *.Mask)
      (net 1 "Net-(BZ1-Pad1)"))
    (pad 2 thru_hole circle (at 0 -10 270) (size 1.5 1.5) (drill 0.9) (layers *.Cu *.Mask)
      (net 2 GND))
  )

  (module Capacitors_SMD:C_0805 (layer F.Cu) (tedit 58AA8463) (tstamp 5F838C56)
    (at 282.94 29.972)
    (descr "Capacitor SMD 0805, reflow soldering, AVX (see smccp.pdf)")
    (tags "capacitor 0805")
    (path /5FBACA69)
    (attr smd)
    (fp_text reference C1 (at 0 -1.5) (layer F.SilkS)
      (effects (font (size 1 1) (thickness 0.15)))
    )
    (fp_text value C_0u1 (at 0 1.75) (layer F.Fab)
      (effects (font (size 1 1) (thickness 0.15)))
    )
    (fp_line (start 1.75 0.87) (end -1.75 0.87) (layer F.CrtYd) (width 0.05))
    (fp_line (start 1.75 0.87) (end 1.75 -0.88) (layer F.CrtYd) (width 0.05))
    (fp_line (start -1.75 -0.88) (end -1.75 0.87) (layer F.CrtYd) (width 0.05))
    (fp_line (start -1.75 -0.88) (end 1.75 -0.88) (layer F.CrtYd) (width 0.05))
    (fp_line (start -0.5 0.85) (end 0.5 0.85) (layer F.SilkS) (width 0.12))
    (fp_line (start 0.5 -0.85) (end -0.5 -0.85) (layer F.SilkS) (width 0.12))
    (fp_line (start -1 -0.62) (end 1 -0.62) (layer F.Fab) (width 0.1))
    (fp_line (start 1 -0.62) (end 1 0.62) (layer F.Fab) (width 0.1))
    (fp_line (start 1 0.62) (end -1 0.62) (layer F.Fab) (width 0.1))
    (fp_line (start -1 0.62) (end -1 -0.62) (layer F.Fab) (width 0.1))
    (fp_text user %R (at 0 -1.5) (layer F.Fab)
      (effects (font (size 1 1) (thickness 0.15)))
    )
    (pad 1 smd rect (at -1 0) (size 1 1.25) (layers F.Cu F.Paste F.Mask)
      (net 3 /VDD_5V_USB))
    (pad 2 smd rect (at 1 0) (size 1 1.25) (layers F.Cu F.Paste F.Mask)
      (net 2 GND))
    (model Capacitors_SMD.3dshapes/C_0805.wrl
      (at (xyz 0 0 0))
      (scale (xyz 1 1 1))
      (rotate (xyz 0 0 0))
    )
  )

  (module Capacitors_SMD:C_0805 (layer F.Cu) (tedit 58AA8463) (tstamp 5F838C67)
    (at -36.592 77.724)
    (descr "Capacitor SMD 0805, reflow soldering, AVX (see smccp.pdf)")
    (tags "capacitor 0805")
    (path /5F9FEC32)
    (attr smd)
    (fp_text reference C2 (at 0 -1.5) (layer F.SilkS)
      (effects (font (size 1 1) (thickness 0.15)))
    )
    (fp_text value C_8p (at 0 1.75) (layer F.Fab)
      (effects (font (size 1 1) (thickness 0.15)))
    )
    (fp_line (start -1 0.62) (end -1 -0.62) (layer F.Fab) (width 0.1))
    (fp_line (start 1 0.62) (end -1 0.62) (layer F.Fab) (width 0.1))
    (fp_line (start 1 -0.62) (end 1 0.62) (layer F.Fab) (width 0.1))
    (fp_line (start -1 -0.62) (end 1 -0.62) (layer F.Fab) (width 0.1))
    (fp_line (start 0.5 -0.85) (end -0.5 -0.85) (layer F.SilkS) (width 0.12))
    (fp_line (start -0.5 0.85) (end 0.5 0.85) (layer F.SilkS) (width 0.12))
    (fp_line (start -1.75 -0.88) (end 1.75 -0.88) (layer F.CrtYd) (width 0.05))
    (fp_line (start -1.75 -0.88) (end -1.75 0.87) (layer F.CrtYd) (width 0.05))
    (fp_line (start 1.75 0.87) (end 1.75 -0.88) (layer F.CrtYd) (width 0.05))
    (fp_line (start 1.75 0.87) (end -1.75 0.87) (layer F.CrtYd) (width 0.05))
    (fp_text user %R (at 0 -1.5) (layer F.Fab)
      (effects (font (size 1 1) (thickness 0.15)))
    )
    (pad 2 smd rect (at 1 0) (size 1 1.25) (layers F.Cu F.Paste F.Mask)
      (net 2 GND))
    (pad 1 smd rect (at -1 0) (size 1 1.25) (layers F.Cu F.Paste F.Mask)
      (net 4 "Net-(C2-Pad1)"))
    (model Capacitors_SMD.3dshapes/C_0805.wrl
      (at (xyz 0 0 0))
      (scale (xyz 1 1 1))
      (rotate (xyz 0 0 0))
    )
  )

  (module Capacitors_SMD:C_0805 (layer F.Cu) (tedit 58AA8463) (tstamp 5F838C78)
    (at -32.004 58.928)
    (descr "Capacitor SMD 0805, reflow soldering, AVX (see smccp.pdf)")
    (tags "capacitor 0805")
    (path /5F84FAB8)
    (attr smd)
    (fp_text reference C3 (at 0 -1.5) (layer F.SilkS)
      (effects (font (size 1 1) (thickness 0.15)))
    )
    (fp_text value C_2u2 (at 0 1.75) (layer F.Fab)
      (effects (font (size 1 1) (thickness 0.15)))
    )
    (fp_line (start -1 0.62) (end -1 -0.62) (layer F.Fab) (width 0.1))
    (fp_line (start 1 0.62) (end -1 0.62) (layer F.Fab) (width 0.1))
    (fp_line (start 1 -0.62) (end 1 0.62) (layer F.Fab) (width 0.1))
    (fp_line (start -1 -0.62) (end 1 -0.62) (layer F.Fab) (width 0.1))
    (fp_line (start 0.5 -0.85) (end -0.5 -0.85) (layer F.SilkS) (width 0.12))
    (fp_line (start -0.5 0.85) (end 0.5 0.85) (layer F.SilkS) (width 0.12))
    (fp_line (start -1.75 -0.88) (end 1.75 -0.88) (layer F.CrtYd) (width 0.05))
    (fp_line (start -1.75 -0.88) (end -1.75 0.87) (layer F.CrtYd) (width 0.05))
    (fp_line (start 1.75 0.87) (end 1.75 -0.88) (layer F.CrtYd) (width 0.05))
    (fp_line (start 1.75 0.87) (end -1.75 0.87) (layer F.CrtYd) (width 0.05))
    (fp_text user %R (at 0 -1.5) (layer F.Fab)
      (effects (font (size 1 1) (thickness 0.15)))
    )
    (pad 2 smd rect (at 1 0) (size 1 1.25) (layers F.Cu F.Paste F.Mask)
      (net 2 GND))
    (pad 1 smd rect (at -1 0) (size 1 1.25) (layers F.Cu F.Paste F.Mask)
      (net 5 "Net-(C3-Pad1)"))
    (model Capacitors_SMD.3dshapes/C_0805.wrl
      (at (xyz 0 0 0))
      (scale (xyz 1 1 1))
      (rotate (xyz 0 0 0))
    )
  )

  (module Capacitors_SMD:C_0805 (layer F.Cu) (tedit 58AA8463) (tstamp 5F838C89)
    (at -42.164 71.12)
    (descr "Capacitor SMD 0805, reflow soldering, AVX (see smccp.pdf)")
    (tags "capacitor 0805")
    (path /5F9FEC29)
    (attr smd)
    (fp_text reference C4 (at 0 -1.5) (layer F.SilkS)
      (effects (font (size 1 1) (thickness 0.15)))
    )
    (fp_text value C_8p (at 0 1.75) (layer F.Fab)
      (effects (font (size 1 1) (thickness 0.15)))
    )
    (fp_line (start 1.75 0.87) (end -1.75 0.87) (layer F.CrtYd) (width 0.05))
    (fp_line (start 1.75 0.87) (end 1.75 -0.88) (layer F.CrtYd) (width 0.05))
    (fp_line (start -1.75 -0.88) (end -1.75 0.87) (layer F.CrtYd) (width 0.05))
    (fp_line (start -1.75 -0.88) (end 1.75 -0.88) (layer F.CrtYd) (width 0.05))
    (fp_line (start -0.5 0.85) (end 0.5 0.85) (layer F.SilkS) (width 0.12))
    (fp_line (start 0.5 -0.85) (end -0.5 -0.85) (layer F.SilkS) (width 0.12))
    (fp_line (start -1 -0.62) (end 1 -0.62) (layer F.Fab) (width 0.1))
    (fp_line (start 1 -0.62) (end 1 0.62) (layer F.Fab) (width 0.1))
    (fp_line (start 1 0.62) (end -1 0.62) (layer F.Fab) (width 0.1))
    (fp_line (start -1 0.62) (end -1 -0.62) (layer F.Fab) (width 0.1))
    (fp_text user %R (at 0 -1.5) (layer F.Fab)
      (effects (font (size 1 1) (thickness 0.15)))
    )
    (pad 1 smd rect (at -1 0) (size 1 1.25) (layers F.Cu F.Paste F.Mask)
      (net 2 GND))
    (pad 2 smd rect (at 1 0) (size 1 1.25) (layers F.Cu F.Paste F.Mask)
      (net 6 "Net-(C4-Pad2)"))
    (model Capacitors_SMD.3dshapes/C_0805.wrl
      (at (xyz 0 0 0))
      (scale (xyz 1 1 1))
      (rotate (xyz 0 0 0))
    )
  )

  (module Capacitors_SMD:C_0805 (layer F.Cu) (tedit 58AA8463) (tstamp 5F838C9A)
    (at -38.624 99.568)
    (descr "Capacitor SMD 0805, reflow soldering, AVX (see smccp.pdf)")
    (tags "capacitor 0805")
    (path /5F850356)
    (attr smd)
    (fp_text reference C5 (at 0 -1.5) (layer F.SilkS)
      (effects (font (size 1 1) (thickness 0.15)))
    )
    (fp_text value C_2u2 (at 0 1.75) (layer F.Fab)
      (effects (font (size 1 1) (thickness 0.15)))
    )
    (fp_line (start 1.75 0.87) (end -1.75 0.87) (layer F.CrtYd) (width 0.05))
    (fp_line (start 1.75 0.87) (end 1.75 -0.88) (layer F.CrtYd) (width 0.05))
    (fp_line (start -1.75 -0.88) (end -1.75 0.87) (layer F.CrtYd) (width 0.05))
    (fp_line (start -1.75 -0.88) (end 1.75 -0.88) (layer F.CrtYd) (width 0.05))
    (fp_line (start -0.5 0.85) (end 0.5 0.85) (layer F.SilkS) (width 0.12))
    (fp_line (start 0.5 -0.85) (end -0.5 -0.85) (layer F.SilkS) (width 0.12))
    (fp_line (start -1 -0.62) (end 1 -0.62) (layer F.Fab) (width 0.1))
    (fp_line (start 1 -0.62) (end 1 0.62) (layer F.Fab) (width 0.1))
    (fp_line (start 1 0.62) (end -1 0.62) (layer F.Fab) (width 0.1))
    (fp_line (start -1 0.62) (end -1 -0.62) (layer F.Fab) (width 0.1))
    (fp_text user %R (at 0 -1.5) (layer F.Fab)
      (effects (font (size 1 1) (thickness 0.15)))
    )
    (pad 1 smd rect (at -1 0) (size 1 1.25) (layers F.Cu F.Paste F.Mask)
      (net 7 "Net-(C5-Pad1)"))
    (pad 2 smd rect (at 1 0) (size 1 1.25) (layers F.Cu F.Paste F.Mask)
      (net 2 GND))
    (model Capacitors_SMD.3dshapes/C_0805.wrl
      (at (xyz 0 0 0))
      (scale (xyz 1 1 1))
      (rotate (xyz 0 0 0))
    )
  )

  (module Capacitors_SMD:C_0805 (layer F.Cu) (tedit 58AA8463) (tstamp 5F838CAB)
    (at 79.772 128.016)
    (descr "Capacitor SMD 0805, reflow soldering, AVX (see smccp.pdf)")
    (tags "capacitor 0805")
    (path /5F7A76C0)
    (attr smd)
    (fp_text reference C6 (at 0 -1.5) (layer F.SilkS)
      (effects (font (size 1 1) (thickness 0.15)))
    )
    (fp_text value C_0u1 (at 0 1.75) (layer F.Fab)
      (effects (font (size 1 1) (thickness 0.15)))
    )
    (fp_line (start -1 0.62) (end -1 -0.62) (layer F.Fab) (width 0.1))
    (fp_line (start 1 0.62) (end -1 0.62) (layer F.Fab) (width 0.1))
    (fp_line (start 1 -0.62) (end 1 0.62) (layer F.Fab) (width 0.1))
    (fp_line (start -1 -0.62) (end 1 -0.62) (layer F.Fab) (width 0.1))
    (fp_line (start 0.5 -0.85) (end -0.5 -0.85) (layer F.SilkS) (width 0.12))
    (fp_line (start -0.5 0.85) (end 0.5 0.85) (layer F.SilkS) (width 0.12))
    (fp_line (start -1.75 -0.88) (end 1.75 -0.88) (layer F.CrtYd) (width 0.05))
    (fp_line (start -1.75 -0.88) (end -1.75 0.87) (layer F.CrtYd) (width 0.05))
    (fp_line (start 1.75 0.87) (end 1.75 -0.88) (layer F.CrtYd) (width 0.05))
    (fp_line (start 1.75 0.87) (end -1.75 0.87) (layer F.CrtYd) (width 0.05))
    (fp_text user %R (at 0 -1.5) (layer F.Fab)
      (effects (font (size 1 1) (thickness 0.15)))
    )
    (pad 2 smd rect (at 1 0) (size 1 1.25) (layers F.Cu F.Paste F.Mask)
      (net 8 /VDD_3V3_STM))
    (pad 1 smd rect (at -1 0) (size 1 1.25) (layers F.Cu F.Paste F.Mask)
      (net 2 GND))
    (model Capacitors_SMD.3dshapes/C_0805.wrl
      (at (xyz 0 0 0))
      (scale (xyz 1 1 1))
      (rotate (xyz 0 0 0))
    )
  )

  (module drone_footprints:UWT0G221MCL6GS (layer F.Cu) (tedit 5F831BD9) (tstamp 5F838CCD)
    (at 216.408 99.568)
    (path /5F9A59F0)
    (fp_text reference C7 (at -1.7272 -4.7244) (layer F.SilkS)
      (effects (font (size 1 1) (thickness 0.15)))
    )
    (fp_text value C_220u (at 1.7272 4.4196) (layer Dwgs.User) hide
      (effects (font (size 1 1) (thickness 0.15)))
    )
    (fp_line (start -3.302 -1.651) (end -1.651 -3.302) (layer F.Fab) (width 0.1524))
    (fp_line (start -3.302 1.651) (end -1.651 3.302) (layer F.Fab) (width 0.1524))
    (fp_line (start -3.429 3.429) (end 3.429 3.429) (layer F.SilkS) (width 0.1524))
    (fp_line (start 3.429 3.429) (end 3.429 0.94234) (layer F.SilkS) (width 0.1524))
    (fp_line (start 3.429 -3.429) (end -3.429 -3.429) (layer F.SilkS) (width 0.1524))
    (fp_line (start -3.429 -3.429) (end -3.429 -0.94234) (layer F.SilkS) (width 0.1524))
    (fp_line (start -3.302 3.302) (end 3.302 3.302) (layer F.Fab) (width 0.1524))
    (fp_line (start 3.302 3.302) (end 3.302 -3.302) (layer F.Fab) (width 0.1524))
    (fp_line (start 3.302 -3.302) (end -3.302 -3.302) (layer F.Fab) (width 0.1524))
    (fp_line (start -3.302 -3.302) (end -3.302 3.302) (layer F.Fab) (width 0.1524))
    (fp_line (start -3.429 0.94234) (end -3.429 3.429) (layer F.SilkS) (width 0.1524))
    (fp_line (start 3.429 -0.94234) (end 3.429 -3.429) (layer F.SilkS) (width 0.1524))
    (fp_line (start -4.4577 0.8636) (end -4.4577 -0.8636) (layer F.CrtYd) (width 0.1524))
    (fp_line (start -4.4577 -0.8636) (end -3.556 -0.8636) (layer F.CrtYd) (width 0.1524))
    (fp_line (start -3.556 -0.8636) (end -3.556 -3.556) (layer F.CrtYd) (width 0.1524))
    (fp_line (start -3.556 -3.556) (end 3.556 -3.556) (layer F.CrtYd) (width 0.1524))
    (fp_line (start 3.556 -3.556) (end 3.556 -0.8636) (layer F.CrtYd) (width 0.1524))
    (fp_line (start 3.556 -0.8636) (end 4.4577 -0.8636) (layer F.CrtYd) (width 0.1524))
    (fp_line (start 4.4577 -0.8636) (end 4.4577 0.8636) (layer F.CrtYd) (width 0.1524))
    (fp_line (start 4.4577 0.8636) (end 3.556 0.8636) (layer F.CrtYd) (width 0.1524))
    (fp_line (start 3.556 0.8636) (end 3.556 3.556) (layer F.CrtYd) (width 0.1524))
    (fp_line (start 3.556 3.556) (end -3.556 3.556) (layer F.CrtYd) (width 0.1524))
    (fp_line (start -3.556 3.556) (end -3.556 0.8636) (layer F.CrtYd) (width 0.1524))
    (fp_line (start -3.556 0.8636) (end -4.4577 0.8636) (layer F.CrtYd) (width 0.1524))
    (fp_circle (center -2.794 0) (end -2.794 0) (layer F.Fab) (width 0.1524))
    (fp_text user * (at 0 0) (layer F.Fab)
      (effects (font (size 1 1) (thickness 0.15)))
    )
    (fp_text user * (at 0 0) (layer F.SilkS)
      (effects (font (size 1 1) (thickness 0.15)))
    )
    (fp_text user "Copyright 2016 Accelerated Designs. All rights reserved." (at 0 0) (layer Cmts.User)
      (effects (font (size 0.127 0.127) (thickness 0.002)))
    )
    (pad 2 smd rect (at 2.7051 0) (size 2.9972 1.2192) (layers F.Cu F.Paste F.Mask)
      (net 2 GND))
    (pad 1 smd rect (at -2.7051 0) (size 2.9972 1.2192) (layers F.Cu F.Paste F.Mask)
      (net 9 "Net-(C7-Pad1)"))
  )

  (module Capacitors_SMD:C_0805 (layer F.Cu) (tedit 58AA8463) (tstamp 5F838CDE)
    (at -33.512 92.456)
    (descr "Capacitor SMD 0805, reflow soldering, AVX (see smccp.pdf)")
    (tags "capacitor 0805")
    (path /5F830AE0)
    (attr smd)
    (fp_text reference C8 (at 0 -1.5) (layer F.SilkS)
      (effects (font (size 1 1) (thickness 0.15)))
    )
    (fp_text value C_2u2 (at 0 1.75) (layer F.Fab)
      (effects (font (size 1 1) (thickness 0.15)))
    )
    (fp_line (start 1.75 0.87) (end -1.75 0.87) (layer F.CrtYd) (width 0.05))
    (fp_line (start 1.75 0.87) (end 1.75 -0.88) (layer F.CrtYd) (width 0.05))
    (fp_line (start -1.75 -0.88) (end -1.75 0.87) (layer F.CrtYd) (width 0.05))
    (fp_line (start -1.75 -0.88) (end 1.75 -0.88) (layer F.CrtYd) (width 0.05))
    (fp_line (start -0.5 0.85) (end 0.5 0.85) (layer F.SilkS) (width 0.12))
    (fp_line (start 0.5 -0.85) (end -0.5 -0.85) (layer F.SilkS) (width 0.12))
    (fp_line (start -1 -0.62) (end 1 -0.62) (layer F.Fab) (width 0.1))
    (fp_line (start 1 -0.62) (end 1 0.62) (layer F.Fab) (width 0.1))
    (fp_line (start 1 0.62) (end -1 0.62) (layer F.Fab) (width 0.1))
    (fp_line (start -1 0.62) (end -1 -0.62) (layer F.Fab) (width 0.1))
    (fp_text user %R (at 0 -1.5) (layer F.Fab)
      (effects (font (size 1 1) (thickness 0.15)))
    )
    (pad 1 smd rect (at -1 0) (size 1 1.25) (layers F.Cu F.Paste F.Mask)
      (net 2 GND))
    (pad 2 smd rect (at 1 0) (size 1 1.25) (layers F.Cu F.Paste F.Mask)
      (net 8 /VDD_3V3_STM))
    (model Capacitors_SMD.3dshapes/C_0805.wrl
      (at (xyz 0 0 0))
      (scale (xyz 1 1 1))
      (rotate (xyz 0 0 0))
    )
  )

  (module Capacitors_SMD:C_0805 (layer F.Cu) (tedit 58AA8463) (tstamp 5F838CEF)
    (at -34.052 71.628)
    (descr "Capacitor SMD 0805, reflow soldering, AVX (see smccp.pdf)")
    (tags "capacitor 0805")
    (path /5F830647)
    (attr smd)
    (fp_text reference C9 (at 0 -1.5) (layer F.SilkS)
      (effects (font (size 1 1) (thickness 0.15)))
    )
    (fp_text value C_2u2 (at 0 1.75) (layer F.Fab)
      (effects (font (size 1 1) (thickness 0.15)))
    )
    (fp_line (start -1 0.62) (end -1 -0.62) (layer F.Fab) (width 0.1))
    (fp_line (start 1 0.62) (end -1 0.62) (layer F.Fab) (width 0.1))
    (fp_line (start 1 -0.62) (end 1 0.62) (layer F.Fab) (width 0.1))
    (fp_line (start -1 -0.62) (end 1 -0.62) (layer F.Fab) (width 0.1))
    (fp_line (start 0.5 -0.85) (end -0.5 -0.85) (layer F.SilkS) (width 0.12))
    (fp_line (start -0.5 0.85) (end 0.5 0.85) (layer F.SilkS) (width 0.12))
    (fp_line (start -1.75 -0.88) (end 1.75 -0.88) (layer F.CrtYd) (width 0.05))
    (fp_line (start -1.75 -0.88) (end -1.75 0.87) (layer F.CrtYd) (width 0.05))
    (fp_line (start 1.75 0.87) (end 1.75 -0.88) (layer F.CrtYd) (width 0.05))
    (fp_line (start 1.75 0.87) (end -1.75 0.87) (layer F.CrtYd) (width 0.05))
    (fp_text user %R (at 0 -1.5) (layer F.Fab)
      (effects (font (size 1 1) (thickness 0.15)))
    )
    (pad 2 smd rect (at 1 0) (size 1 1.25) (layers F.Cu F.Paste F.Mask)
      (net 8 /VDD_3V3_STM))
    (pad 1 smd rect (at -1 0) (size 1 1.25) (layers F.Cu F.Paste F.Mask)
      (net 2 GND))
    (model Capacitors_SMD.3dshapes/C_0805.wrl
      (at (xyz 0 0 0))
      (scale (xyz 1 1 1))
      (rotate (xyz 0 0 0))
    )
  )

  (module Capacitors_SMD:C_0805 (layer F.Cu) (tedit 58AA8463) (tstamp 5F838D00)
    (at -33.512 85.852)
    (descr "Capacitor SMD 0805, reflow soldering, AVX (see smccp.pdf)")
    (tags "capacitor 0805")
    (path /5F7F4DC4)
    (attr smd)
    (fp_text reference C10 (at 0 -1.5) (layer F.SilkS)
      (effects (font (size 1 1) (thickness 0.15)))
    )
    (fp_text value C_0u1 (at 0 1.75) (layer F.Fab)
      (effects (font (size 1 1) (thickness 0.15)))
    )
    (fp_line (start 1.75 0.87) (end -1.75 0.87) (layer F.CrtYd) (width 0.05))
    (fp_line (start 1.75 0.87) (end 1.75 -0.88) (layer F.CrtYd) (width 0.05))
    (fp_line (start -1.75 -0.88) (end -1.75 0.87) (layer F.CrtYd) (width 0.05))
    (fp_line (start -1.75 -0.88) (end 1.75 -0.88) (layer F.CrtYd) (width 0.05))
    (fp_line (start -0.5 0.85) (end 0.5 0.85) (layer F.SilkS) (width 0.12))
    (fp_line (start 0.5 -0.85) (end -0.5 -0.85) (layer F.SilkS) (width 0.12))
    (fp_line (start -1 -0.62) (end 1 -0.62) (layer F.Fab) (width 0.1))
    (fp_line (start 1 -0.62) (end 1 0.62) (layer F.Fab) (width 0.1))
    (fp_line (start 1 0.62) (end -1 0.62) (layer F.Fab) (width 0.1))
    (fp_line (start -1 0.62) (end -1 -0.62) (layer F.Fab) (width 0.1))
    (fp_text user %R (at 0 -1.5) (layer F.Fab)
      (effects (font (size 1 1) (thickness 0.15)))
    )
    (pad 1 smd rect (at -1 0) (size 1 1.25) (layers F.Cu F.Paste F.Mask)
      (net 2 GND))
    (pad 2 smd rect (at 1 0) (size 1 1.25) (layers F.Cu F.Paste F.Mask)
      (net 8 /VDD_3V3_STM))
    (model Capacitors_SMD.3dshapes/C_0805.wrl
      (at (xyz 0 0 0))
      (scale (xyz 1 1 1))
      (rotate (xyz 0 0 0))
    )
  )

  (module Capacitors_SMD:C_0805 (layer F.Cu) (tedit 58AA8463) (tstamp 5F838D11)
    (at -22.876 56.388)
    (descr "Capacitor SMD 0805, reflow soldering, AVX (see smccp.pdf)")
    (tags "capacitor 0805")
    (path /5F7F5185)
    (attr smd)
    (fp_text reference C11 (at 0 -1.5) (layer F.SilkS)
      (effects (font (size 1 1) (thickness 0.15)))
    )
    (fp_text value C_0u1 (at 0 1.75) (layer F.Fab)
      (effects (font (size 1 1) (thickness 0.15)))
    )
    (fp_line (start -1 0.62) (end -1 -0.62) (layer F.Fab) (width 0.1))
    (fp_line (start 1 0.62) (end -1 0.62) (layer F.Fab) (width 0.1))
    (fp_line (start 1 -0.62) (end 1 0.62) (layer F.Fab) (width 0.1))
    (fp_line (start -1 -0.62) (end 1 -0.62) (layer F.Fab) (width 0.1))
    (fp_line (start 0.5 -0.85) (end -0.5 -0.85) (layer F.SilkS) (width 0.12))
    (fp_line (start -0.5 0.85) (end 0.5 0.85) (layer F.SilkS) (width 0.12))
    (fp_line (start -1.75 -0.88) (end 1.75 -0.88) (layer F.CrtYd) (width 0.05))
    (fp_line (start -1.75 -0.88) (end -1.75 0.87) (layer F.CrtYd) (width 0.05))
    (fp_line (start 1.75 0.87) (end 1.75 -0.88) (layer F.CrtYd) (width 0.05))
    (fp_line (start 1.75 0.87) (end -1.75 0.87) (layer F.CrtYd) (width 0.05))
    (fp_text user %R (at 0 -1.5) (layer F.Fab)
      (effects (font (size 1 1) (thickness 0.15)))
    )
    (pad 2 smd rect (at 1 0) (size 1 1.25) (layers F.Cu F.Paste F.Mask)
      (net 8 /VDD_3V3_STM))
    (pad 1 smd rect (at -1 0) (size 1 1.25) (layers F.Cu F.Paste F.Mask)
      (net 2 GND))
    (model Capacitors_SMD.3dshapes/C_0805.wrl
      (at (xyz 0 0 0))
      (scale (xyz 1 1 1))
      (rotate (xyz 0 0 0))
    )
  )

  (module Capacitors_SMD:C_0805 (layer F.Cu) (tedit 58AA8463) (tstamp 5F838D22)
    (at 140.208 124.714)
    (descr "Capacitor SMD 0805, reflow soldering, AVX (see smccp.pdf)")
    (tags "capacitor 0805")
    (path /5F7F548C)
    (attr smd)
    (fp_text reference C12 (at 0 -1.5) (layer F.SilkS)
      (effects (font (size 1 1) (thickness 0.15)))
    )
    (fp_text value C_0u1 (at 0 1.75) (layer F.Fab)
      (effects (font (size 1 1) (thickness 0.15)))
    )
    (fp_line (start 1.75 0.87) (end -1.75 0.87) (layer F.CrtYd) (width 0.05))
    (fp_line (start 1.75 0.87) (end 1.75 -0.88) (layer F.CrtYd) (width 0.05))
    (fp_line (start -1.75 -0.88) (end -1.75 0.87) (layer F.CrtYd) (width 0.05))
    (fp_line (start -1.75 -0.88) (end 1.75 -0.88) (layer F.CrtYd) (width 0.05))
    (fp_line (start -0.5 0.85) (end 0.5 0.85) (layer F.SilkS) (width 0.12))
    (fp_line (start 0.5 -0.85) (end -0.5 -0.85) (layer F.SilkS) (width 0.12))
    (fp_line (start -1 -0.62) (end 1 -0.62) (layer F.Fab) (width 0.1))
    (fp_line (start 1 -0.62) (end 1 0.62) (layer F.Fab) (width 0.1))
    (fp_line (start 1 0.62) (end -1 0.62) (layer F.Fab) (width 0.1))
    (fp_line (start -1 0.62) (end -1 -0.62) (layer F.Fab) (width 0.1))
    (fp_text user %R (at 0 -1.5) (layer F.Fab)
      (effects (font (size 1 1) (thickness 0.15)))
    )
    (pad 1 smd rect (at -1 0) (size 1 1.25) (layers F.Cu F.Paste F.Mask)
      (net 2 GND))
    (pad 2 smd rect (at 1 0) (size 1 1.25) (layers F.Cu F.Paste F.Mask)
      (net 8 /VDD_3V3_STM))
    (model Capacitors_SMD.3dshapes/C_0805.wrl
      (at (xyz 0 0 0))
      (scale (xyz 1 1 1))
      (rotate (xyz 0 0 0))
    )
  )

  (module Capacitors_SMD:C_0805 (layer F.Cu) (tedit 58AA8463) (tstamp 5F838D33)
    (at -44.704 92.964)
    (descr "Capacitor SMD 0805, reflow soldering, AVX (see smccp.pdf)")
    (tags "capacitor 0805")
    (path /5F9F65E5)
    (attr smd)
    (fp_text reference C13 (at 0 -1.5) (layer F.SilkS)
      (effects (font (size 1 1) (thickness 0.15)))
    )
    (fp_text value C_0u1 (at 0 1.75) (layer F.Fab)
      (effects (font (size 1 1) (thickness 0.15)))
    )
    (fp_line (start -1 0.62) (end -1 -0.62) (layer F.Fab) (width 0.1))
    (fp_line (start 1 0.62) (end -1 0.62) (layer F.Fab) (width 0.1))
    (fp_line (start 1 -0.62) (end 1 0.62) (layer F.Fab) (width 0.1))
    (fp_line (start -1 -0.62) (end 1 -0.62) (layer F.Fab) (width 0.1))
    (fp_line (start 0.5 -0.85) (end -0.5 -0.85) (layer F.SilkS) (width 0.12))
    (fp_line (start -0.5 0.85) (end 0.5 0.85) (layer F.SilkS) (width 0.12))
    (fp_line (start -1.75 -0.88) (end 1.75 -0.88) (layer F.CrtYd) (width 0.05))
    (fp_line (start -1.75 -0.88) (end -1.75 0.87) (layer F.CrtYd) (width 0.05))
    (fp_line (start 1.75 0.87) (end 1.75 -0.88) (layer F.CrtYd) (width 0.05))
    (fp_line (start 1.75 0.87) (end -1.75 0.87) (layer F.CrtYd) (width 0.05))
    (fp_text user %R (at 0 -1.5) (layer F.Fab)
      (effects (font (size 1 1) (thickness 0.15)))
    )
    (pad 2 smd rect (at 1 0) (size 1 1.25) (layers F.Cu F.Paste F.Mask)
      (net 10 /FMU_VDD_3V3))
    (pad 1 smd rect (at -1 0) (size 1 1.25) (layers F.Cu F.Paste F.Mask)
      (net 2 GND))
    (model Capacitors_SMD.3dshapes/C_0805.wrl
      (at (xyz 0 0 0))
      (scale (xyz 1 1 1))
      (rotate (xyz 0 0 0))
    )
  )

  (module Capacitors_SMD:C_0805 (layer F.Cu) (tedit 58AA8463) (tstamp 5F838D44)
    (at -33.544 89.408)
    (descr "Capacitor SMD 0805, reflow soldering, AVX (see smccp.pdf)")
    (tags "capacitor 0805")
    (path /5F7F7A7A)
    (attr smd)
    (fp_text reference C14 (at 0 -1.5) (layer F.SilkS)
      (effects (font (size 1 1) (thickness 0.15)))
    )
    (fp_text value C_0u1 (at 0 1.75) (layer F.Fab)
      (effects (font (size 1 1) (thickness 0.15)))
    )
    (fp_line (start -1 0.62) (end -1 -0.62) (layer F.Fab) (width 0.1))
    (fp_line (start 1 0.62) (end -1 0.62) (layer F.Fab) (width 0.1))
    (fp_line (start 1 -0.62) (end 1 0.62) (layer F.Fab) (width 0.1))
    (fp_line (start -1 -0.62) (end 1 -0.62) (layer F.Fab) (width 0.1))
    (fp_line (start 0.5 -0.85) (end -0.5 -0.85) (layer F.SilkS) (width 0.12))
    (fp_line (start -0.5 0.85) (end 0.5 0.85) (layer F.SilkS) (width 0.12))
    (fp_line (start -1.75 -0.88) (end 1.75 -0.88) (layer F.CrtYd) (width 0.05))
    (fp_line (start -1.75 -0.88) (end -1.75 0.87) (layer F.CrtYd) (width 0.05))
    (fp_line (start 1.75 0.87) (end 1.75 -0.88) (layer F.CrtYd) (width 0.05))
    (fp_line (start 1.75 0.87) (end -1.75 0.87) (layer F.CrtYd) (width 0.05))
    (fp_text user %R (at 0 -1.5) (layer F.Fab)
      (effects (font (size 1 1) (thickness 0.15)))
    )
    (pad 2 smd rect (at 1 0) (size 1 1.25) (layers F.Cu F.Paste F.Mask)
      (net 8 /VDD_3V3_STM))
    (pad 1 smd rect (at -1 0) (size 1 1.25) (layers F.Cu F.Paste F.Mask)
      (net 2 GND))
    (model Capacitors_SMD.3dshapes/C_0805.wrl
      (at (xyz 0 0 0))
      (scale (xyz 1 1 1))
      (rotate (xyz 0 0 0))
    )
  )

  (module Capacitors_SMD:C_0805 (layer F.Cu) (tedit 58AA8463) (tstamp 5F838D55)
    (at -38.084 60.96)
    (descr "Capacitor SMD 0805, reflow soldering, AVX (see smccp.pdf)")
    (tags "capacitor 0805")
    (path /5F7F7C85)
    (attr smd)
    (fp_text reference C15 (at 0 -1.5) (layer F.SilkS)
      (effects (font (size 1 1) (thickness 0.15)))
    )
    (fp_text value C_0u1 (at 0 1.75) (layer F.Fab)
      (effects (font (size 1 1) (thickness 0.15)))
    )
    (fp_line (start 1.75 0.87) (end -1.75 0.87) (layer F.CrtYd) (width 0.05))
    (fp_line (start 1.75 0.87) (end 1.75 -0.88) (layer F.CrtYd) (width 0.05))
    (fp_line (start -1.75 -0.88) (end -1.75 0.87) (layer F.CrtYd) (width 0.05))
    (fp_line (start -1.75 -0.88) (end 1.75 -0.88) (layer F.CrtYd) (width 0.05))
    (fp_line (start -0.5 0.85) (end 0.5 0.85) (layer F.SilkS) (width 0.12))
    (fp_line (start 0.5 -0.85) (end -0.5 -0.85) (layer F.SilkS) (width 0.12))
    (fp_line (start -1 -0.62) (end 1 -0.62) (layer F.Fab) (width 0.1))
    (fp_line (start 1 -0.62) (end 1 0.62) (layer F.Fab) (width 0.1))
    (fp_line (start 1 0.62) (end -1 0.62) (layer F.Fab) (width 0.1))
    (fp_line (start -1 0.62) (end -1 -0.62) (layer F.Fab) (width 0.1))
    (fp_text user %R (at 0 -1.5) (layer F.Fab)
      (effects (font (size 1 1) (thickness 0.15)))
    )
    (pad 1 smd rect (at -1 0) (size 1 1.25) (layers F.Cu F.Paste F.Mask)
      (net 2 GND))
    (pad 2 smd rect (at 1 0) (size 1 1.25) (layers F.Cu F.Paste F.Mask)
      (net 8 /VDD_3V3_STM))
    (model Capacitors_SMD.3dshapes/C_0805.wrl
      (at (xyz 0 0 0))
      (scale (xyz 1 1 1))
      (rotate (xyz 0 0 0))
    )
  )

  (module Capacitors_SMD:C_0805 (layer F.Cu) (tedit 58AA8463) (tstamp 5F838D66)
    (at -63.992 89.916)
    (descr "Capacitor SMD 0805, reflow soldering, AVX (see smccp.pdf)")
    (tags "capacitor 0805")
    (path /5F7684E9/5F783146)
    (attr smd)
    (fp_text reference C16 (at 0 -1.5) (layer F.SilkS)
      (effects (font (size 1 1) (thickness 0.15)))
    )
    (fp_text value C_2u2 (at 0 1.75) (layer F.Fab)
      (effects (font (size 1 1) (thickness 0.15)))
    )
